0 0.4539285714285714 0.69875 0.012142857142857143 0.0475
0 0.4539285714285714 0.7775 0.012142857142857143 0.0475
0 0.4539285714285714 0.85625 0.012142857142857143 0.0475
1 0.4785714285714286 0.7225 0.018571428571428572 0.095
1 0.45714285714285713 0.95 0.018571428571428572 0.095
2 0.47714285714285715 0.8325 0.015714285714285715 0.0675
2 0.47714285714285715 0.83375 0.015714285714285715 0.0675
2 0.47714285714285715 0.835 0.015714285714285715 0.0675
3 0.465 0.39 0.018571428571428572 0.0775
2 0.5042857142857143 0.94125 0.015714285714285715 0.0675
0 0.12785714285714286 0.555625 0.027142857142857142 0.02125
0 0.4442857142857143 0.593125 0.027142857142857142 0.02125
2 0.49214285714285716 0.59625 0.03857142857142857 0.0275
2 0.4928571428571429 0.59625 0.03857142857142857 0.0275
2 0.49357142857142855 0.59625 0.03857142857142857 0.0275
3 0.33214285714285713 0.59875 0.04428571428571428 0.0325
3 0.3942857142857143 0.59875 0.04428571428571428 0.0325
0 0.039285714285714285 0.473125 0.027142857142857142 0.02125
0 0.29714285714285715 0.473125 0.027142857142857142 0.02125
0 0.34214285714285714 0.473125 0.027142857142857142 0.02125
0 0.3364285714285714 0.508125 0.027142857142857142 0.02125
1 0.24214285714285713 0.47875 0.054285714285714284 0.0325
1 0.3914285714285714 0.51375 0.054285714285714284 0.0325
3 0.08785714285714286 0.47875 0.04428571428571428 0.0325
3 0.3942857142857143 0.47875 0.04428571428571428 0.0325
