0 0.4539285714285714 0.69875 0.012142857142857143 0.0475
0 0.4539285714285714 0.7775 0.012142857142857143 0.0475
1 0.4785714285714286 0.72125 0.018571428571428572 0.095
0 0.5039285714285714 0.04625 0.012142857142857143 0.0475
1 0.5071428571428571 0.22375 0.018571428571428572 0.095
1 0.5071428571428571 0.35 0.018571428571428572 0.095
2 0.5942857142857143 0.59625 0.03857142857142857 0.0275
1 0.3914285714285714 0.5125 0.054285714285714284 0.0325
2 0.9171428571428571 0.51125 0.03857142857142857 0.0275
3 0.31214285714285717 0.47875 0.04428571428571428 0.0325
