0 0.4539285714285714 0.69875 0.012142857142857143 0.0475
0 0.4539285714285714 0.7775 0.012142857142857143 0.0475
1 0.4785714285714286 0.7225 0.018571428571428572 0.095
0 0.5039285714285714 0.13375 0.012142857142857143 0.0475
1 0.5071428571428571 0.22625 0.018571428571428572 0.095
1 0.5071428571428571 0.3525 0.018571428571428572 0.095
0 0.585 0.555625 0.027142857142857142 0.02125
2 0.5942857142857143 0.59625 0.03857142857142857 0.0275
2 0.595 0.59625 0.03857142857142857 0.0275
2 0.5957142857142858 0.59625 0.03857142857142857 0.0275
3 0.6514285714285715 0.59875 0.04428571428571428 0.0325
0 0.11357142857142857 0.473125 0.027142857142857142 0.02125
1 0.3914285714285714 0.51375 0.054285714285714284 0.0325
3 0.3942857142857143 0.47875 0.04428571428571428 0.0325
