2 0.45571428571428574 0.70875 0.015714285714285715 0.0675
2 0.47714285714285715 0.71 0.015714285714285715 0.0675
2 0.45571428571428574 0.8075 0.015714285714285715 0.0675
2 0.47714285714285715 0.80875 0.015714285714285715 0.0675
3 0.4785714285714286 0.90875 0.018571428571428572 0.0775
1 0.5285714285714286 0.28375 0.018571428571428572 0.095
2 0.5057142857142857 0.3675 0.015714285714285715 0.0675
0 0.6214285714285714 0.593125 0.027142857142857142 0.02125
1 0.39785714285714285 0.56125 0.054285714285714284 0.0325
1 0.5214285714285715 0.56125 0.054285714285714284 0.0325
1 0.6557142857142857 0.56125 0.054285714285714284 0.0325
1 0.7278571428571429 0.56125 0.054285714285714284 0.0325
1 0.5678571428571428 0.59875 0.054285714285714284 0.0325
1 0.68 0.59875 0.054285714285714284 0.0325
1 0.8035714285714286 0.59875 0.054285714285714284 0.0325
2 0.4585714285714286 0.55875 0.03857142857142857 0.0275
2 0.3364285714285714 0.59625 0.03857142857142857 0.0275
2 0.39285714285714285 0.59625 0.03857142857142857 0.0275
2 0.8671428571428571 0.59625 0.03857142857142857 0.0275
2 0.9792857142857143 0.59625 0.03857142857142857 0.0275
3 0.5892857142857143 0.56125 0.04428571428571428 0.0325
3 0.5014285714285714 0.59875 0.04428571428571428 0.0325
3 0.7421428571428571 0.59875 0.04428571428571428 0.0325
3 0.9228571428571428 0.59875 0.04428571428571428 0.0325
0 0.19142857142857142 0.508125 0.027142857142857142 0.02125
0 0.3578571428571429 0.508125 0.027142857142857142 0.02125
0 0.40285714285714286 0.508125 0.027142857142857142 0.02125
1 0.3157142857142857 0.4775 0.054285714285714284 0.0325
1 0.38785714285714284 0.4775 0.054285714285714284 0.0325
1 0.24714285714285714 0.5125 0.054285714285714284 0.0325
2 0.25357142857142856 0.47625 0.03857142857142857 0.0275
2 0.30714285714285716 0.51125 0.03857142857142857 0.0275
