1 0.4657142857142857 0.39875 0.018571428571428572 0.095
2 0.45571428571428574 0.70875 0.015714285714285715 0.0675
2 0.45571428571428574 0.71 0.015714285714285715 0.0675
2 0.47714285714285715 0.71 0.015714285714285715 0.0675
2 0.45571428571428574 0.71125 0.015714285714285715 0.0675
2 0.47714285714285715 0.71125 0.015714285714285715 0.0675
2 0.47714285714285715 0.7125 0.015714285714285715 0.0675
2 0.45571428571428574 0.8075 0.015714285714285715 0.0675
2 0.45571428571428574 0.80875 0.015714285714285715 0.0675
2 0.47714285714285715 0.80875 0.015714285714285715 0.0675
2 0.45571428571428574 0.81 0.015714285714285715 0.0675
2 0.47714285714285715 0.81 0.015714285714285715 0.0675
2 0.47714285714285715 0.81125 0.015714285714285715 0.0675
3 0.4785714285714286 0.90875 0.018571428571428572 0.0775
0 0.5039285714285714 0.28625 0.012142857142857143 0.0475
1 0.5285714285714286 0.3575 0.018571428571428572 0.095
2 0.5057142857142857 0.36875 0.015714285714285715 0.0675
0 0.4142857142857143 0.593125 0.027142857142857142 0.02125
1 0.18714285714285714 0.56125 0.054285714285714284 0.0325
1 0.18785714285714286 0.56125 0.054285714285714284 0.0325
1 0.18857142857142858 0.56125 0.054285714285714284 0.0325
1 0.18928571428571428 0.56125 0.054285714285714284 0.0325
1 0.5164285714285715 0.56125 0.054285714285714284 0.0325
1 0.5171428571428571 0.56125 0.054285714285714284 0.0325
1 0.5178571428571429 0.56125 0.054285714285714284 0.0325
1 0.5185714285714286 0.56125 0.054285714285714284 0.0325
1 0.5885714285714285 0.56125 0.054285714285714284 0.0325
1 0.5892857142857143 0.56125 0.054285714285714284 0.0325
1 0.59 0.56125 0.054285714285714284 0.0325
1 0.5907142857142857 0.56125 0.054285714285714284 0.0325
1 0.18785714285714286 0.5625 0.054285714285714284 0.0325
1 0.5171428571428571 0.5625 0.054285714285714284 0.0325
1 0.5892857142857143 0.5625 0.054285714285714284 0.0325
1 0.35714285714285715 0.59875 0.054285714285714284 0.0325
1 0.3578571428571429 0.59875 0.054285714285714284 0.0325
1 0.3585714285714286 0.59875 0.054285714285714284 0.0325
1 0.35928571428571426 0.59875 0.054285714285714284 0.0325
1 0.4685714285714286 0.59875 0.054285714285714284 0.0325
1 0.4692857142857143 0.59875 0.054285714285714284 0.0325
1 0.47 0.59875 0.054285714285714284 0.0325
1 0.4707142857142857 0.59875 0.054285714285714284 0.0325
1 0.5928571428571429 0.59875 0.054285714285714284 0.0325
1 0.5935714285714285 0.59875 0.054285714285714284 0.0325
1 0.5942857142857143 0.59875 0.054285714285714284 0.0325
1 0.595 0.59875 0.054285714285714284 0.0325
1 0.3578571428571429 0.6 0.054285714285714284 0.0325
1 0.4692857142857143 0.6 0.054285714285714284 0.0325
1 0.5935714285714285 0.6 0.054285714285714284 0.0325
2 0.24642857142857144 0.55875 0.03857142857142857 0.0275
2 0.24714285714285714 0.55875 0.03857142857142857 0.0275
2 0.24785714285714286 0.55875 0.03857142857142857 0.0275
2 0.07285714285714286 0.59625 0.03857142857142857 0.0275
2 0.07357142857142857 0.59625 0.03857142857142857 0.0275
2 0.07428571428571429 0.59625 0.03857142857142857 0.0275
2 0.12928571428571428 0.59625 0.03857142857142857 0.0275
2 0.13 0.59625 0.03857142857142857 0.0275
2 0.13071428571428573 0.59625 0.03857142857142857 0.0275
2 0.655 0.59625 0.03857142857142857 0.0275
2 0.6557142857142857 0.59625 0.03857142857142857 0.0275
2 0.6564285714285715 0.59625 0.03857142857142857 0.0275
2 0.7671428571428571 0.59625 0.03857142857142857 0.0275
2 0.7678571428571429 0.59625 0.03857142857142857 0.0275
2 0.7685714285714286 0.59625 0.03857142857142857 0.0275
3 0.2907142857142857 0.59875 0.04428571428571428 0.0325
3 0.5314285714285715 0.59875 0.04428571428571428 0.0325
3 0.7121428571428572 0.59875 0.04428571428571428 0.0325
0 0.19142857142857142 0.508125 0.027142857142857142 0.02125
0 0.3578571428571429 0.508125 0.027142857142857142 0.02125
0 0.40285714285714286 0.508125 0.027142857142857142 0.02125
1 0.3157142857142857 0.47875 0.054285714285714284 0.0325
1 0.38785714285714284 0.47875 0.054285714285714284 0.0325
1 0.24714285714285714 0.51375 0.054285714285714284 0.0325
2 0.2542857142857143 0.47625 0.03857142857142857 0.0275
2 0.3078571428571429 0.51125 0.03857142857142857 0.0275
3 0.032857142857142856 0.51375 0.04428571428571428 0.0325
