1 0.4664285714285714 0.33625 0.018571428571428572 0.095
2 0.45571428571428574 0.70875 0.015714285714285715 0.0675
2 0.45571428571428574 0.71 0.015714285714285715 0.0675
2 0.47714285714285715 0.71 0.015714285714285715 0.0675
2 0.45571428571428574 0.71125 0.015714285714285715 0.0675
2 0.47714285714285715 0.71125 0.015714285714285715 0.0675
2 0.47714285714285715 0.7125 0.015714285714285715 0.0675
2 0.45571428571428574 0.8075 0.015714285714285715 0.0675
2 0.45571428571428574 0.80875 0.015714285714285715 0.0675
2 0.47714285714285715 0.80875 0.015714285714285715 0.0675
2 0.45571428571428574 0.81 0.015714285714285715 0.0675
2 0.47714285714285715 0.81 0.015714285714285715 0.0675
2 0.47714285714285715 0.81125 0.015714285714285715 0.0675
3 0.4657142857142857 0.1025 0.018571428571428572 0.0775
3 0.4785714285714286 0.90875 0.018571428571428572 0.0775
0 0.5039285714285714 0.28625 0.012142857142857143 0.0475
1 0.5285714285714286 0.3575 0.018571428571428572 0.095
2 0.5057142857142857 0.36875 0.015714285714285715 0.0675
0 0.1 0.593125 0.027142857142857142 0.02125
0 0.8192857142857143 0.593125 0.027142857142857142 0.02125
1 0.20285714285714285 0.56125 0.054285714285714284 0.0325
1 0.20357142857142857 0.56125 0.054285714285714284 0.0325
1 0.2042857142857143 0.56125 0.054285714285714284 0.0325
1 0.205 0.56125 0.054285714285714284 0.0325
1 0.20357142857142857 0.5625 0.054285714285714284 0.0325
1 0.04285714285714286 0.59875 0.054285714285714284 0.0325
1 0.04357142857142857 0.59875 0.054285714285714284 0.0325
1 0.04428571428571428 0.59875 0.054285714285714284 0.0325
1 0.045 0.59875 0.054285714285714284 0.0325
1 0.155 0.59875 0.054285714285714284 0.0325
1 0.15571428571428572 0.59875 0.054285714285714284 0.0325
1 0.15642857142857142 0.59875 0.054285714285714284 0.0325
1 0.15714285714285714 0.59875 0.054285714285714284 0.0325
1 0.2792857142857143 0.59875 0.054285714285714284 0.0325
1 0.28 0.59875 0.054285714285714284 0.0325
1 0.2807142857142857 0.59875 0.054285714285714284 0.0325
1 0.2814285714285714 0.59875 0.054285714285714284 0.0325
1 0.04357142857142857 0.6 0.054285714285714284 0.0325
1 0.15571428571428572 0.6 0.054285714285714284 0.0325
1 0.28 0.6 0.054285714285714284 0.0325
2 0.34 0.59625 0.03857142857142857 0.0275
2 0.3407142857142857 0.59625 0.03857142857142857 0.0275
2 0.3414285714285714 0.59625 0.03857142857142857 0.0275
2 0.4907142857142857 0.59625 0.03857142857142857 0.0275
2 0.49142857142857144 0.59625 0.03857142857142857 0.0275
2 0.49214285714285716 0.59625 0.03857142857142857 0.0275
3 0.21785714285714286 0.59875 0.04428571428571428 0.0325
0 0.19142857142857142 0.508125 0.027142857142857142 0.02125
0 0.3578571428571429 0.508125 0.027142857142857142 0.02125
0 0.40285714285714286 0.508125 0.027142857142857142 0.02125
1 0.3157142857142857 0.47875 0.054285714285714284 0.0325
1 0.38785714285714284 0.47875 0.054285714285714284 0.0325
1 0.24714285714285714 0.51375 0.054285714285714284 0.0325
2 0.2542857142857143 0.47625 0.03857142857142857 0.0275
2 0.3078571428571429 0.51125 0.03857142857142857 0.0275
3 0.022857142857142857 0.47875 0.04428571428571428 0.0325
3 0.1407142857142857 0.51375 0.04428571428571428 0.0325
