2 0.45571428571428574 0.70875 0.015714285714285715 0.0675
2 0.45571428571428574 0.71 0.015714285714285715 0.0675
2 0.47714285714285715 0.71 0.015714285714285715 0.0675
2 0.45571428571428574 0.71125 0.015714285714285715 0.0675
2 0.47714285714285715 0.71125 0.015714285714285715 0.0675
2 0.47714285714285715 0.7125 0.015714285714285715 0.0675
2 0.45571428571428574 0.8075 0.015714285714285715 0.0675
2 0.45571428571428574 0.80875 0.015714285714285715 0.0675
2 0.47714285714285715 0.80875 0.015714285714285715 0.0675
2 0.45571428571428574 0.81 0.015714285714285715 0.0675
2 0.47714285714285715 0.81 0.015714285714285715 0.0675
2 0.47714285714285715 0.81125 0.015714285714285715 0.0675
3 0.4785714285714286 0.90875 0.018571428571428572 0.0775
1 0.5285714285714286 0.0975 0.018571428571428572 0.095
2 0.5057142857142857 0.36875 0.015714285714285715 0.0675
0 0.7285714285714285 0.593125 0.027142857142857142 0.02125
1 0.5057142857142857 0.56125 0.054285714285714284 0.0325
1 0.5064285714285715 0.56125 0.054285714285714284 0.0325
1 0.5071428571428571 0.56125 0.054285714285714284 0.0325
1 0.5078571428571429 0.56125 0.054285714285714284 0.0325
1 0.6292857142857143 0.56125 0.054285714285714284 0.0325
1 0.63 0.56125 0.054285714285714284 0.0325
1 0.6307142857142857 0.56125 0.054285714285714284 0.0325
1 0.6314285714285715 0.56125 0.054285714285714284 0.0325
1 0.7635714285714286 0.56125 0.054285714285714284 0.0325
1 0.7642857142857142 0.56125 0.054285714285714284 0.0325
1 0.765 0.56125 0.054285714285714284 0.0325
1 0.7657142857142857 0.56125 0.054285714285714284 0.0325
1 0.8357142857142857 0.56125 0.054285714285714284 0.0325
1 0.8364285714285714 0.56125 0.054285714285714284 0.0325
1 0.8371428571428572 0.56125 0.054285714285714284 0.0325
1 0.8378571428571429 0.56125 0.054285714285714284 0.0325
1 0.5064285714285715 0.5625 0.054285714285714284 0.0325
1 0.63 0.5625 0.054285714285714284 0.0325
1 0.7642857142857142 0.5625 0.054285714285714284 0.0325
1 0.8364285714285714 0.5625 0.054285714285714284 0.0325
1 0.6757142857142857 0.59875 0.054285714285714284 0.0325
1 0.6764285714285714 0.59875 0.054285714285714284 0.0325
1 0.6771428571428572 0.59875 0.054285714285714284 0.0325
1 0.6778571428571428 0.59875 0.054285714285714284 0.0325
1 0.7878571428571428 0.59875 0.054285714285714284 0.0325
1 0.7885714285714286 0.59875 0.054285714285714284 0.0325
1 0.7892857142857143 0.59875 0.054285714285714284 0.0325
1 0.79 0.59875 0.054285714285714284 0.0325
1 0.9121428571428571 0.59875 0.054285714285714284 0.0325
1 0.9128571428571428 0.59875 0.054285714285714284 0.0325
1 0.9135714285714286 0.59875 0.054285714285714284 0.0325
1 0.9142857142857143 0.59875 0.054285714285714284 0.0325
1 0.6764285714285714 0.6 0.054285714285714284 0.0325
1 0.7885714285714286 0.6 0.054285714285714284 0.0325
1 0.9128571428571428 0.6 0.054285714285714284 0.0325
2 0.5678571428571428 0.55875 0.03857142857142857 0.0275
2 0.5685714285714286 0.55875 0.03857142857142857 0.0275
2 0.5692857142857143 0.55875 0.03857142857142857 0.0275
2 0.4714285714285714 0.59625 0.03857142857142857 0.0275
2 0.47214285714285714 0.59625 0.03857142857142857 0.0275
2 0.47285714285714286 0.59625 0.03857142857142857 0.0275
2 0.5278571428571428 0.59625 0.03857142857142857 0.0275
2 0.5285714285714286 0.59625 0.03857142857142857 0.0275
2 0.5292857142857142 0.59625 0.03857142857142857 0.0275
2 0.9764285714285714 0.59625 0.03857142857142857 0.0275
2 0.9771428571428571 0.59625 0.03857142857142857 0.0275
2 0.9778571428571429 0.59625 0.03857142857142857 0.0275
3 0.6971428571428572 0.56125 0.04428571428571428 0.0325
3 0.6092857142857143 0.59875 0.04428571428571428 0.0325
3 0.8507142857142858 0.59875 0.04428571428571428 0.0325
0 0.19142857142857142 0.508125 0.027142857142857142 0.02125
0 0.3578571428571429 0.508125 0.027142857142857142 0.02125
0 0.40285714285714286 0.508125 0.027142857142857142 0.02125
1 0.3157142857142857 0.47875 0.054285714285714284 0.0325
1 0.38785714285714284 0.47875 0.054285714285714284 0.0325
1 0.24714285714285714 0.51375 0.054285714285714284 0.0325
2 0.2542857142857143 0.47625 0.03857142857142857 0.0275
2 0.3078571428571429 0.51125 0.03857142857142857 0.0275
