2 0.45571428571428574 0.70875 0.015714285714285715 0.0675
2 0.47714285714285715 0.71 0.015714285714285715 0.0675
2 0.47714285714285715 0.80875 0.015714285714285715 0.0675
0 0.5253571428571429 0.135 0.012142857142857143 0.0475
0 0.5039285714285714 0.1825 0.012142857142857143 0.0475
0 0.5253571428571429 0.21375 0.012142857142857143 0.0475
0 0.5253571428571429 0.38875 0.012142857142857143 0.0475
2 0.5271428571428571 0.04875 0.015714285714285715 0.0675
2 0.5057142857142857 0.3675 0.015714285714285715 0.0675
3 0.5071428571428571 0.2675 0.018571428571428572 0.0775
3 0.5285714285714286 0.3 0.018571428571428572 0.0775
0 0.8285714285714286 0.593125 0.027142857142857142 0.02125
1 0.6035714285714285 0.56125 0.054285714285714284 0.0325
1 0.7735714285714286 0.59875 0.054285714285714284 0.0325
1 0.8857142857142857 0.59875 0.054285714285714284 0.0325
2 0.6642857142857143 0.55875 0.03857142857142857 0.0275
2 0.5935714285714285 0.59625 0.03857142857142857 0.0275
2 0.65 0.59625 0.03857142857142857 0.0275
3 0.7071428571428572 0.59875 0.04428571428571428 0.0325
0 0.115 0.473125 0.027142857142857142 0.02125
0 0.225 0.473125 0.027142857142857142 0.02125
0 0.4042857142857143 0.473125 0.027142857142857142 0.02125
0 0.43642857142857144 0.508125 0.027142857142857142 0.02125
1 0.05857142857142857 0.4775 0.054285714285714284 0.0325
1 0.1707142857142857 0.4775 0.054285714285714284 0.0325
1 0.345 0.4775 0.054285714285714284 0.0325
1 0.25357142857142856 0.5125 0.054285714285714284 0.0325
1 0.32571428571428573 0.5125 0.054285714285714284 0.0325
1 0.4942857142857143 0.5125 0.054285714285714284 0.0325
2 0.38571428571428573 0.51125 0.03857142857142857 0.0275
3 0.27785714285714286 0.47875 0.04428571428571428 0.0325
3 0.49714285714285716 0.47875 0.04428571428571428 0.0325
