0 0.4853571428571429 0.33 0.012142857142857143 0.0475
0 0.4539285714285714 0.69875 0.012142857142857143 0.0475
0 0.4539285714285714 0.7775 0.012142857142857143 0.0475
1 0.5071428571428571 0.3525 0.018571428571428572 0.095
1 0.5042857142857143 0.9275 0.018571428571428572 0.095
2 0.5942857142857143 0.59625 0.03857142857142857 0.0275
2 0.595 0.59625 0.03857142857142857 0.0275
2 0.5957142857142858 0.59625 0.03857142857142857 0.0275
2 0.365 0.51125 0.03857142857142857 0.0275
3 0.11428571428571428 0.51375 0.04428571428571428 0.0325
