0 0.4539285714285714 0.69875 0.012142857142857143 0.0475
0 0.4539285714285714 0.7775 0.012142857142857143 0.0475
0 0.4539285714285714 0.85625 0.012142857142857143 0.0475
1 0.4785714285714286 0.7225 0.018571428571428572 0.095
1 0.45714285714285713 0.95 0.018571428571428572 0.095
2 0.47714285714285715 0.8325 0.015714285714285715 0.0675
2 0.47714285714285715 0.83375 0.015714285714285715 0.0675
2 0.47714285714285715 0.835 0.015714285714285715 0.0675
0 0.5253571428571429 0.38875 0.012142857142857143 0.0475
2 0.5057142857142857 0.36875 0.015714285714285715 0.0675
3 0.5285714285714286 0.27375 0.018571428571428572 0.0775
0 0.125 0.473125 0.027142857142857142 0.02125
0 0.29714285714285715 0.473125 0.027142857142857142 0.02125
0 0.34214285714285714 0.473125 0.027142857142857142 0.02125
0 0.3364285714285714 0.508125 0.027142857142857142 0.02125
1 0.06785714285714285 0.47875 0.054285714285714284 0.0325
1 0.24214285714285713 0.47875 0.054285714285714284 0.0325
1 0.18214285714285713 0.51375 0.054285714285714284 0.0325
1 0.3914285714285714 0.51375 0.054285714285714284 0.0325
2 0.29 0.51125 0.03857142857142857 0.0275
3 0.175 0.47875 0.04428571428571428 0.0325
3 0.3942857142857143 0.47875 0.04428571428571428 0.0325
