2 0.47714285714285715 0.71 0.015714285714285715 0.0675
2 0.47714285714285715 0.71125 0.015714285714285715 0.0675
2 0.47714285714285715 0.7125 0.015714285714285715 0.0675
2 0.47714285714285715 0.82 0.015714285714285715 0.0675
2 0.47714285714285715 0.82125 0.015714285714285715 0.0675
2 0.47714285714285715 0.8225 0.015714285714285715 0.0675
2 0.45571428571428574 0.8775 0.015714285714285715 0.0675
2 0.45571428571428574 0.87875 0.015714285714285715 0.0675
2 0.45571428571428574 0.88 0.015714285714285715 0.0675
0 0.5253571428571429 0.135 0.012142857142857143 0.0475
0 0.5039285714285714 0.1825 0.012142857142857143 0.0475
0 0.5253571428571429 0.21375 0.012142857142857143 0.0475
0 0.5253571428571429 0.38875 0.012142857142857143 0.0475
2 0.5271428571428571 0.05 0.015714285714285715 0.0675
2 0.5057142857142857 0.36875 0.015714285714285715 0.0675
3 0.5071428571428571 0.2675 0.018571428571428572 0.0775
3 0.5285714285714286 0.3 0.018571428571428572 0.0775
0 0.09 0.556875 0.027142857142857142 0.02125
0 0.8285714285714286 0.593125 0.027142857142857142 0.02125
1 0.6035714285714285 0.56125 0.054285714285714284 0.0325
1 0.6042857142857143 0.56125 0.054285714285714284 0.0325
1 0.605 0.56125 0.054285714285714284 0.0325
1 0.6057142857142858 0.56125 0.054285714285714284 0.0325
1 0.6042857142857143 0.5625 0.054285714285714284 0.0325
1 0.7735714285714286 0.59875 0.054285714285714284 0.0325
1 0.7742857142857142 0.59875 0.054285714285714284 0.0325
1 0.775 0.59875 0.054285714285714284 0.0325
1 0.7757142857142857 0.59875 0.054285714285714284 0.0325
1 0.9678571428571429 0.59875 0.054285714285714284 0.0325
1 0.9685714285714285 0.59875 0.054285714285714284 0.0325
1 0.9692857142857143 0.59875 0.054285714285714284 0.0325
1 0.97 0.59875 0.054285714285714284 0.0325
1 0.7742857142857142 0.6 0.054285714285714284 0.0325
1 0.9685714285714285 0.6 0.054285714285714284 0.0325
2 0.6642857142857143 0.55875 0.03857142857142857 0.0275
2 0.665 0.55875 0.03857142857142857 0.0275
2 0.6657142857142857 0.55875 0.03857142857142857 0.0275
2 0.5935714285714285 0.59625 0.03857142857142857 0.0275
2 0.5942857142857143 0.59625 0.03857142857142857 0.0275
2 0.595 0.59625 0.03857142857142857 0.0275
2 0.65 0.59625 0.03857142857142857 0.0275
2 0.6507142857142857 0.59625 0.03857142857142857 0.0275
2 0.6514285714285715 0.59625 0.03857142857142857 0.0275
3 0.7071428571428572 0.59875 0.04428571428571428 0.0325
0 0.015 0.473125 0.027142857142857142 0.02125
0 0.125 0.473125 0.027142857142857142 0.02125
0 0.29714285714285715 0.473125 0.027142857142857142 0.02125
0 0.34214285714285714 0.473125 0.027142857142857142 0.02125
0 0.3364285714285714 0.508125 0.027142857142857142 0.02125
1 0.06785714285714285 0.47875 0.054285714285714284 0.0325
1 0.24214285714285713 0.47875 0.054285714285714284 0.0325
1 0.15571428571428572 0.51375 0.054285714285714284 0.0325
1 0.22785714285714287 0.51375 0.054285714285714284 0.0325
1 0.3914285714285714 0.51375 0.054285714285714284 0.0325
2 0.29 0.51125 0.03857142857142857 0.0275
3 0.175 0.47875 0.04428571428571428 0.0325
3 0.3942857142857143 0.47875 0.04428571428571428 0.0325
