0 0.4539285714285714 0.69875 0.012142857142857143 0.0475
0 0.4539285714285714 0.7775 0.012142857142857143 0.0475
1 0.5071428571428571 0.11 0.018571428571428572 0.095
1 0.5071428571428571 0.3525 0.018571428571428572 0.095
2 0.5942857142857143 0.59625 0.03857142857142857 0.0275
2 0.595 0.59625 0.03857142857142857 0.0275
2 0.5957142857142858 0.59625 0.03857142857142857 0.0275
1 0.165 0.51375 0.054285714285714284 0.0325
2 0.635 0.51125 0.03857142857142857 0.0275
3 0.08571428571428572 0.47875 0.04428571428571428 0.0325
3 0.33 0.51375 0.04428571428571428 0.0325
