1 0.4657142857142857 0.21 0.018571428571428572 0.095
2 0.45571428571428574 0.70875 0.015714285714285715 0.0675
2 0.45571428571428574 0.71 0.015714285714285715 0.0675
2 0.47714285714285715 0.71 0.015714285714285715 0.0675
2 0.45571428571428574 0.71125 0.015714285714285715 0.0675
2 0.47714285714285715 0.71125 0.015714285714285715 0.0675
2 0.47714285714285715 0.7125 0.015714285714285715 0.0675
2 0.45571428571428574 0.8075 0.015714285714285715 0.0675
2 0.45571428571428574 0.80875 0.015714285714285715 0.0675
2 0.47714285714285715 0.80875 0.015714285714285715 0.0675
2 0.45571428571428574 0.81 0.015714285714285715 0.0675
2 0.47714285714285715 0.81 0.015714285714285715 0.0675
2 0.47714285714285715 0.81125 0.015714285714285715 0.0675
3 0.4657142857142857 0.4625 0.018571428571428572 0.0775
3 0.4785714285714286 0.90875 0.018571428571428572 0.0775
0 0.5039285714285714 0.28625 0.012142857142857143 0.0475
1 0.5285714285714286 0.3575 0.018571428571428572 0.095
2 0.5057142857142857 0.36875 0.015714285714285715 0.0675
0 0.30714285714285716 0.593125 0.027142857142857142 0.02125
1 0.07857142857142857 0.56125 0.054285714285714284 0.0325
1 0.07928571428571428 0.56125 0.054285714285714284 0.0325
1 0.08 0.56125 0.054285714285714284 0.0325
1 0.08071428571428571 0.56125 0.054285714285714284 0.0325
1 0.4085714285714286 0.56125 0.054285714285714284 0.0325
1 0.4092857142857143 0.56125 0.054285714285714284 0.0325
1 0.41 0.56125 0.054285714285714284 0.0325
1 0.4107142857142857 0.56125 0.054285714285714284 0.0325
1 0.07928571428571428 0.5625 0.054285714285714284 0.0325
1 0.4092857142857143 0.5625 0.054285714285714284 0.0325
1 0.24857142857142858 0.59875 0.054285714285714284 0.0325
1 0.24928571428571428 0.59875 0.054285714285714284 0.0325
1 0.25 0.59875 0.054285714285714284 0.0325
1 0.2507142857142857 0.59875 0.054285714285714284 0.0325
1 0.3607142857142857 0.59875 0.054285714285714284 0.0325
1 0.36142857142857143 0.59875 0.054285714285714284 0.0325
1 0.36214285714285716 0.59875 0.054285714285714284 0.0325
1 0.3628571428571429 0.59875 0.054285714285714284 0.0325
1 0.485 0.59875 0.054285714285714284 0.0325
1 0.4857142857142857 0.59875 0.054285714285714284 0.0325
1 0.48642857142857143 0.59875 0.054285714285714284 0.0325
1 0.48714285714285716 0.59875 0.054285714285714284 0.0325
1 0.24928571428571428 0.6 0.054285714285714284 0.0325
1 0.36142857142857143 0.6 0.054285714285714284 0.0325
1 0.4857142857142857 0.6 0.054285714285714284 0.0325
2 0.13714285714285715 0.55875 0.03857142857142857 0.0275
2 0.13785714285714284 0.55875 0.03857142857142857 0.0275
2 0.13857142857142857 0.55875 0.03857142857142857 0.0275
2 0.5457142857142857 0.59625 0.03857142857142857 0.0275
2 0.5464285714285714 0.59625 0.03857142857142857 0.0275
2 0.5471428571428572 0.59625 0.03857142857142857 0.0275
2 0.6578571428571428 0.59625 0.03857142857142857 0.0275
2 0.6585714285714286 0.59625 0.03857142857142857 0.0275
2 0.6592857142857143 0.59625 0.03857142857142857 0.0275
3 0.18214285714285713 0.59875 0.04428571428571428 0.0325
3 0.4235714285714286 0.59875 0.04428571428571428 0.0325
3 0.6042857142857143 0.59875 0.04428571428571428 0.0325
0 0.19142857142857142 0.508125 0.027142857142857142 0.02125
0 0.3578571428571429 0.508125 0.027142857142857142 0.02125
0 0.40285714285714286 0.508125 0.027142857142857142 0.02125
1 0.3157142857142857 0.47875 0.054285714285714284 0.0325
1 0.38785714285714284 0.47875 0.054285714285714284 0.0325
1 0.24714285714285714 0.51375 0.054285714285714284 0.0325
2 0.2542857142857143 0.47625 0.03857142857142857 0.0275
2 0.3078571428571429 0.51125 0.03857142857142857 0.0275
3 0.1407142857142857 0.51375 0.04428571428571428 0.0325
